Review


108
112
118
129
144
154
166
183
217
275
284
289
290
317
327
338
354
358
393
397
439
443
465
467
471
482
511
523
530
531
558
567
575
606
611
622
629
633
652
666
679
693
722
729
733
739
769
770
791
795
797
801
805
816
830
835
851
852
867
881
884
897
899
917
924
927
945
957
975
990
1003
1015
1028
1035
1036
1071
1088
1094
1114
1115
1137
1147
1149
1153
1158
1164
1182
1183
1218
1234
1248
1262
1271
1316
1322
1379
1386
1394
1409
1415
1431
1459
1464
1465
1502
1506
1536
1559
1584
1587
1592
1623
1650
1655
1658
1664
1694
1710
1718
1723
1793
1832
1851
1886
1889
1893
1898
1915
1921
1929
1931
1936
1956
1971
1996
2016
2023
2031
2056
2063
2073
2074
2080
2093
2176
2196
2202
2205
2234
2244
2250
2252
2255
2272
2289
2294
2296
2297
2343
2344
2347
2374
2383
2394
2399
2428
2455
2466
2470
2476
2509
2516
2561
2564
2570
2576
2596
2619
2651
2677
2687
2701
2702
2719
2726
2749
2797
2826
2828
2890
2926
2963


Remove


2
40
44
86
208
209
233
240
248
264
266
269
276
310
422
462
501
616
661
681
700
727
760
765
798
860
943
1020
1026
1141
1165
1191
1210
1304
1381
1401
1540
1543
1612
1665
1700
1717
1721
1751
1762
1920
1980
2042
2043
2051
2052
2174
2257
2260
2330
2380
2404
2444
2540
2545
2580
2586
2604
2646
2712
2720
2731
2737
2940
2980
2989
