Samples for further review:
145 (poor literal, possibly replace with Flemish_Government)
208 (use of leader to describe political party, not person)
247 (leaderParty to describe political party now, no good match on dbpedia)
265, 538, 849, 903, 1075, 1078, 1424 (party leader again)
308 and 315 (say similar things, may want to change one senetence a bit)
335 (singing as insturment or occupation)
373
577 (need relation to capture having a degree)
586
594, 642 (Chief_of_the_Astronaut_Office)
600
602
609
627
630
634
706
735 (playerNumber)
882 (state vs city, not sure about context of state)
941 (about the cost, include currency, or just have as number)
1005 (buildingType)
1178 (units in answers)
1611 (lastAired -> completionDate)
1817 (fairly poor triple)
1838
1850
1865
1913
2418
2573 (does representative fit? Wanted to split long string)
2950 (not sure what would be a good replacement)
3725 (may want to remove city, somewhat a hallucination based on text)
4159 (units)
4511 (how best to represent the another case)
7118, 7119 (Arem-arem in general, how to handle long mainIngredient string.)

Modified any sample that used ["..."] to be ['...']
Replaced any ` with '
All comicsCharacter replaced with character

Samples modified:
0
2
4
5
8
9
11
12
13
14
15
16
18
23
24
25
31
35
39
40
41
45
46
53
54
61
62
64
69
70
71
73
77
78
79
80
84
85
89
93 (modified instruction. Said "country in United States", should have been "county in the United States")
94
96
102
104
105
106
107
108
110
117
118
119
120
121
123
124
125
131
132
133
134
135
139
140
141
145
149
150
151
152
154
157
159
160
161
162
163
164
165
168
169
170
171
172
174
176
180
181
184
188
192
193
195
198
199
207
216
217
224
225
226
227
229
243
244
251
258
263 (changed according to dbpedia relation)
264
267
268
270
271
279
280
281
282
293
294
295
298
300
301
302
306
307
308
318
320
321
322
323
324
325
326
327
339
357 (changed "birth place" to "death place" to fit with triples)
358
369
370
371
372
373
374
375
376
377
378
379
400
401
402
410
411
422
426
427
436
437
438
439
440
441
442
457 (major change, split into multiple triples. Removed original name from input and output, as it wasn't an alias.)
460 (added a 'raised' predicate)
473
474
475
476
477
478
479
487
488
489
490
499
500
501
502
503
508
532
577
578
581
584
587 (changed prompt to get rid of ambiguity from NWC)
588
590
591
594
596
606
608
620
628
630
634
636
637
639
642
644
720
777
778
784
818
844
882
888
916
917
918
919
941
947
952
955
964
965
971
980
992
1003 (had to change entire triple)
1009
1015
1025
1035
1036
1050
1056
1057
1058
1059
1064
1065
1080
1082
1083
1088
1089
1099
1139
1140
1141
1166
1169
1177
1184
1195
1196
1197
1203
1204
1210
1226
1237
1241
1253
1268
1271
1278
1285
1301
1328
1341
1342
1343
1346
1350
1351
1352
1359
1360
1361
1363
1365
1366
1367
1368
1370
1371
1374
1375
1383
1384
1385
1386
1389
1392
1393
1394
1397
1398
1402
1403
1406
1407
1408
1416
1417
1418
1419
1420
1421
1422
1423
1429
1430
1431
1435
1436
1442
1446
1447
1450
1451
1453
1454
1457
1458
1459
1460
1465
1472
1473
1474
1477
1480
1483
1484
1485
1486
1490
1494
1495
1496
1508
1529
1536
1537
1543
1581
1582
1583
1584
1585
1587
1588
1589
1590
1591
1592
1595
1596
1597
1601
1602
1604
1605
1606
1607
1608
1632
1633
1638
1645
1672
1673
1682
1697
1740
1775
1776
1777
1781
1786
1787
1789
1792
1793
1801
1805
1806
1807
1814
1816
1817
1822
1825
1826
1827
1831
1837
1846

1851
1852
1854
1864
1878
1882
1883
1884
1889
1892
1896
1898
1904
1910
1920
1921
1922
1923
1924
1928
1933
1942
1944
1951
1987
1988
1997
2004
2046
2069
2077
2097
2137
2179
2184
2226
2285
2332
2336
2338
2340
2344
2345
2346
2347
2348
2354 (quotes)
2355 (quotes)
2356 (quotes)
2372 (quotes)
2418 (used dbpedia relation)
2424 (quotes)
2430 (quotes)
2436
2440
2471
2532
2544
2556
2573
2581 (quotes)
2588
2619
2620
2631
2730
2739
2787
2788
2791
2793
2800
2918
2923
2924
2929
2936
2939
2947
2948
2956
2959
2960
2966
2967
2968
2969
2999
3006
3007
3008
3013
3014
3015
3020
3021
3024
3028
3029
3034
3036
3037
3041
3045
3050
3053
3059
3061
3062
3063
3068
3070
3071
3075
3078
3079
3083
3084
3088
3090
3091
3092
3093
3095
3096
3102
3103
3104
3107
3108
3109
3115
3121
3123
3129
3130 (quotes)
3131
3132
3133
3134
3140
3168
3197
3198
3199
3200
3201
3202
3203
3204
3205
3206
3207
3208
3210
3211
3212
3213
3215
3216
3219
3224
3229
3230
3231
3233
3234
3243
3245
3246
3247
3252
3257
3258
3259
3260
3261
3262
3266
3267
3268
3269
3270
3271
3275
3276
3285
3286
3288
3289
3290
3292
3294
3295
3296
3297
3298
3304
3307
3308
3309
3315
3316
3317
3318
3319
3320
3322
3325
3326
3327
3328
3330
3331
3332
3335
3336
3337
3339
3340
3341
3342
3343
3344
3345
3346
3347
3348
3349
3350
3351
3353
3354
3355
3356
3357
3362
3364
3365
3366
3367
3368
3371
3372
3373
3374
3375
3377
3378
3379
3380
3381
3382
3383
3384
3385
3386
3387
3388
3389
3390
3406
3407
3408
3409
3410
3411
3412
3413
3414
3415
3416
3417
3418
3419
3420
3421
3445
3446
3451
3456
3457
3461
3467
3468
3469
3470
3471
3472
3473
3474
3487
3491
3494
3497
3500
3501
3502
3508
3515
3524
3525
3526
3527
3528
3529
3530
3531
3532
3533 to 3547 (quotes)
3548
3553
3558
3559
3560
3561
3562
3563
3564
3579
3580
3583
3584
3585
3586
3587
3588
3589
3590
3591
3592
3593
3594
3606
3607
3614
3615
3618
3619
3621
3625
3627
3628
3629
3633
3634
3635
3638
3641
3643
3645
3646
3652
3653
3657
3659
3662
3700 (quotes)
3726
3727
3733
3766
3798
3857
3876
3877
3885
3887
3889
3890
3897
3898
3899
3924
3925
3933
3934
3935
3938
3952
3954
3959
3975
3977
3980
3981
3988
3991
3995
3999
4003
4004
4005
4150
4154
4155
4156
4157
4158
4163
4171
4172
4173
4174
4182
4183
4185
4186
4195
4196
4197
4198
4204
4205
4206
4207
4208
4209
4210
4211
4212
4213
4216
4217
4218
4219
4222
4223
4224
4225
4226
4227
4228
4229
4230
4231
4232
4233
4234
4235
4238
4239
4244
4245
4246
4247
4248
4250
4256
4257
4260
4262
4263
4266
4267
4269
4270
4271
4272
4274
4275
4279
4280
4282
4283
4284
4285
4286
4287
4288
4289
4290
4291
4292
4293
4294
4295
4296
4297
4298
4299
4300
4303
4304
4305
4306
4307
4309
4311
4314
4333
4334
4339 (quotes)
4360
4361
4362
4363
4364
4366
4368
4369
4370
4510
4511
4567
4569
4571
4572
4573
4574
4588
4594
4595
4596
4597
4609
4610
4611
4612
4620
4621
4622
4623
4624
4626
4627
4628
4663
4664
4665
4666
4671
4675
4678
4685
4686
4687
4690
4691
4694
4699
4700
4705
4706
4708
4709
4714
4716
4728
4729
4730
4741
4742
4743
4752
4764
4823
4824
4840
4841
4842
4869
4877
4878
4889
4913
4977
4982
4983
4984
4986
4987
4988
4989
4990
4991
4995 (quotes)
4996 (quotes)
4997
4999
5000
5001-5003 (quotes)
5026 (quotes)
5030 (quotes)
5034 (quotes)
5042
5043
5044
5045
5046
5049
5052,5054,5055 (quotes)
5056
5057
5058
5059
5060
5061
5062
5063
5068
5069
5070
5071
5072
5076
5082
5091
5117
5118
5119
5120
5134
5138
5169
5170
5171
5179
5183
5188
5189
5190
5191
5201
5202
5212
5213
5220
5221
5222
5224
5232
5339
5340
5348
5430
5433
5434
5436
5439
5442
5443
5444
5445
5448
5454
5455
5456
5457
5458
5459
5460
5461
5462
5463
5464
5465
5466
5467
5468
5476
5479
5480
5481
5482
5483 (rev)
5484 (rev)
5485
5490
5496
5497
5498
5500
5502
5503
5513
5520
5525
5528
5529
5532
5534
5539
5540
5545
5546
5547
5550
5551
5552
5562
5565
5570
5571
5572
5574
5581
5582
5583
5585
5586
5590
5591
5592
5593
5595
5596
5597
5600
5602
5603
5606
5607
5614
5619
5620
5621
5628
5629
5631
5632
5633
5634
5636
5673
5674
5675
5676
5677
5678
5679
5680
5681
5682
5683
5684
5685
5686
5687
5688
5689
5690
5691
5702
5703
5704
5705
5710
5711
5712
5714
5715
5717
5718
5720
5721
5722
5723
5724
5725
5726
5727
5728
5729
5730
5731
5732
5733
5734
5735
5736
5737
5738
5739
5740 (quotes)
5741
5742
5743
5744
5745
5746
5747
5752
5753
5755
5758
5759
5762
5763
5764
5765
5766
5767
5768
5777
5778
5779
5783
5789
5790
5791
5792
5793
5794
5795
5796
5797
5798
5799
5800
5801
5802
5803
5804
5805
5806
5807
5808
5809
5810
5811
5812
5813
5814
5815
5816
5819
5822
5823
5824
5826
5827
5828
5830
5831
5832
5833
5838
5841
5842
5843
5844
5845
5846
5847
5848
5489
5850
5851
5852
5853
5854
5855
5856
5857
5858
5873
5874
5875
5876
5877
5878
5879
5880
5881
5882
5883
5884
5885
5886
5887
5888
5889
5890
5891
5892
5893
5894
5902
5903
5904
5905
5906
5912
5915
5921
5923
5927
5928
5932
5933
5934
5935
5936
5937
5938
5939
5940
5941
5946
5947
5950
5951
5952
5953
5954
5955
5956
5960
5961
5962
5963
5964
5965
5966
5967
5968
5969
5970
5971
5972
5973
5990
5991
5992
5993
5994
5995
5996
5997
5998
5999 (quotes)
6000
6001
6002-6017 (quotes)
6018
6019
6020
6022
6023
6024
6031
6032
6033
6034
6035
6046
6047
6048
6049
6050
6051
6052
6056
6057
6058
6059
6060
6061
6062
6063
6064
6065
6066
6067
6068
6069
6070
6071
6072
6073
6076
6083
6088
6089
6090
6100
6101
6102
6103
6104
6107
6110
6111
6112
6113
6114
6116
6117
6119
6124
6127
6129
6130
6131
6134
6135
6139
6141
6145 (quotes)
6147
6148
6150
6151
6152
6153
6154
6155
6157
6159
6160
6161
6206 (quotes)
6208 (quotes)
6213
6214
6215
6216
6220
6222
6226
6230
6233
6234
6238
6239
6252 (quotes)
6333
6334
6335
6338 (quotes)
6380
6390
6404
6408
6409
6410
6411
6412
6423
6426
6427
6430
6432
6433
6434
6435
6436
6437
6438
6448
6450
6463
6464
6465
6466
6467
6468
6469
6470
6475
6478
6480
6482
6483
6489
6490
6494
6496
6501
6527
6528
6529
6540
6541
6543
6544
6546
6547
6548
6549
6550
6551
6552
6553
6560
6563
6712
6713
6714
6715
6716
6717
6718
6719
6720
6721
6722
6723
6724
6725
6726
6727
6728
6729
6730
6731
6732
6733
6734
6735
6736
6737
6742
6743
6744
6745
6746
6747
6748
6750
6753
6754
6755
6756
6757
6758
6759
6760
6761
6762
6763
6764
6765
6766
6767
6768
6769
6770
6771
6772
6773
6774
6775
6776
6777
6778
6779
6780
6781
6784
6785
6786
6787
6788
6789
6790
6791
6792
6793
6794
6795
6796
6797
6798
6799
6800
6801
6802
6803
6804
6805
6806
6807
6808
6812
6813
6814
6815
6816
6817
6818
6819
6820
6821
6822
6823
6826
6827
6829
6830
6831
6832
6833
6834
6835
6836
6839
6840
6841
6843
6844
6847
6848
6849
6850
6851
6852
6853
6854
6855
6856
6857
6858
6864
6865
6866
6868
6869
6870
6871
6872
6873
6874
6875
6876
6877
6878
6879
6880
6881
6882
6883
6884
6885
6886
6887
6888
6889
6890
6891
6892
6893
6894
6895
6897
6900
6904
6905
6906
6907
6911
6912
6917
6918
6919
6928
6929
6931
6945
6946
6968
6969
6970
6973
6974
6975
6976
6977
7057
7100
7101
7102
7103
7111
7118
7142
7156
7157
7158
7159
7160
7162
7163
7164
7165
7166
7168
7170
7171
7172
7173
7174
7175
7177
7178
7182
7184
7185
7199
7200
7201
7202
7203
7204
7205
7206
7207
7208
7209
7210
7218
7219
7220
7221
7222
7223
7224
7225
7226
7228
7229
7230
7231
7232
7236
7237
7238
7239
7240
7241
7242
7243
7275
7276
7277
7278
7279
7280
7281
7282
7283
7284
7289
7290
7291
7292
7295
7296
7297
7298
7299
7309
7310
7311
7312
7313
7314
7315
7316
7320
7321
7322
7323
7324
7328
7329
7330
7331
7332
7349
7350
7351
7352
7353
7354
7359
7360
7361
7367
7368
7369
7388
7467
7468